40,3332469566169	-3,68683618493722
40,334885702506	-3,68590654805646
40,3339180956039	-3,68691522628412
40,3349214094135	-3,68615775369451
40,333434711248	-3,68745971471415
40,333570791446	-3,68839907460258
40,3344223089892	-3,68671506643639
40,3333676141131	-3,68839295581327
40,3334814403582	-3,68654692545877
40,3346606064963	-3,68611685000703
40,3347172681618	-3,68596253916964
40,3341241227838	-3,686690256003
40,3347619017962	-3,68614275008783
40,3338144952807	-3,68719317019329
40,3343484225127	-3,6868337541853
40,3339282796162	-3,68747740052984
40,3336044447872	-3,68799632415519
40,3339776071164	-3,68737287819729
40,3334551211822	-3,6874950025265
40,3346113209057	-3,68622489273891
40,3340864880386	-3,687213538218
40,3332302766296	-3,68695696816192
40,3350193519521	-3,68585424498067
40,3346419986713	-3,68609011173592
40,3351536719504	-3,68582105264411
40,3336266568306	-3,68794066831813
40,3338540159541	-3,68696426041768
40,3341213148463	-3,6864071991329
40,3335504653308	-3,68746994063602
40,3346090158823	-3,68590252474294
40,3338043112683	-3,68703056127176
40,333754480854	-3,68745921179996
40,3347898973528	-3,68594242260203
40,3336948436129	-3,68752542883501
40,3342723567414	-3,68670794181869
40,3343733586747	-3,68656318635092
40,3337358730289	-3,68698395789013
40,3332519857588	-3,68758862838492
40,3338036826256	-3,68718143552885
40,3336282074827	-3,68710792623804
40,33401884608	-3,68680802174256
40,3336180234704	-3,68710926734254
40,3338184347752	-3,6876691784744
40,3333232738453	-3,68873141706333
40,3343018191311	-3,68695998564706
40,3341085743535	-3,68643008172855
40,3340672515708	-3,68704631924973
40,334474779703	-3,68617334403441
40,3341860231388	-3,68627568707213
40,3339577839154	-3,68745988235221
40,334441629276	-3,68669947609649
40,3343091952059	-3,68690885603771
40.4191912,-3.6769795999999992	
	
	
	
	
	
	
	
	
	
	
	
	
	
	
	
	
	
	
	
	
	
	
	
	
	
	
	
	
	
	
	
	
	
	
	
	
	
	
	
	
	
	
	
	
	
	
	
	
	
	
	
	
	
	
	
	
	
	
	
	
	
	
38.92097671225896,1.4260668483409156	
38.92069812833126,1.4261910777073465	
38.92079949510086,1.4260756635197473	
38.921061503904376,1.426011344508404	
38.92073564204823,1.4260185412896618	
38.92042747745645,1.4261867967779718	
38.92077397859964,1.4264469155574568	
38.92079322368805,1.4263917544311298	
38.9204809903554,1.426239448530154	
38.91808552515607,1.431264035792253	
38.92052211889209,1.4262560752370277	
38.92078356564398,1.4260873930201137	
38.921002170279564,1.426120573703227	
38.92076110250802,1.426020184105849	
38.92087768526472,1.4260683607714564	
38.92105017681956,1.4263097931633566	
38.92109891147002,1.426429975572215	
38.920814584098466,1.425896244977453	
38.92097822176647,1.4260649410896051	
38.92061319369654,1.4257246813444282	
38.91393529180887,1.4302948372978688	
38.92068805257707,1.4258297213069968	
38.92081084614626,1.4259601250170746	
39.48760986328125,-0.3657999038696289	
39.495203197039196,-0.6300285179173853	
39.48761,-0.3658	
39.49551844041748,-0.6307567376649293	
39.49526740241749,-0.6300464551901724	
39.4957597973193,-0.6308508664375458	
39.48760986328125,-0.3657999038696289	
39.49546567633701,-0.6305854953831347	
39.49544853534503,-0.6306160893297108	
39.450429916381836,-0.3697500228881836	
39.49567656502081,-0.6307817995554122	
39.487731400914015,-0.3661107178780866	
41.74899864014401,1.8638263922202063	
41.749807326162,1.8628464639204207	
41.749084512742,1.8634395673888395	
41.74894562460645,1.8634763639437626	
41.74916577529325,1.8637465126829815	
41.74982341941609,1.8628441169875327	
41.74929053992196,1.8636440020071933	
41.74981918655499,1.8628472182917061	
41.74981964755966,1.8628412671404544	
41.749100564086575,1.8633260764198966	
41.74908970952197,1.8637672159838152	
41.749821533487875,1.8628412671404544	
41.74892387356772,1.8633045349287458	
41.74900894988491,1.8633119110035367	
41.749821952583034,1.8628473859297696	
41.74902131319209,1.8635435868071983	
41.749046039806444,1.8644006364064891	
41.74899193462147,1.8638225365447473	
41.74981968946918,1.8628402613120738	
41.749156303742666,1.8639081157761288	
41.74920651134266,1.8636825587617826	
41.74895379696204,1.8637181818502617	
41.74903443087055,1.863762857394166	
41.749077597671885,1.8635855801420877	
41.74907441254868,1.8636888451891613	
41.74903862182214,1.8638669606315565	
41.749108568804104,1.863913144918032	
41.74910240810527,1.863836785780139	
41.749117160254855,1.863977937029548	
41.748925633767385,1.863491283731408	
41.74941123932763,1.8635823111998508	
41.749209025913615,1.8639506120252087	
41.74927323129191,1.863854723052926	
41.749239075036485,1.863688677551098	
41.748923119196434,1.8641261290776207	
41.74904545307322,1.864240122960754	
41.74938944637938,1.8636321835237215	
41.7492055474238,1.8636431638168762	
41.749148131387074,1.8638006597774696	
41.74910668287589,1.8637470155971718	
41.75251007080078,1.8623104095458984	
41.74923174087121,1.8632819876092143	
41.65478709623372,1.1580344382684286	
41.65478223472988,1.1577145010243708	
41.7488833889754,1.8639885820465758	
41.654496244193666,1.1576635390530876	
41.74911590296938,1.8631864339130586	
39.5750294,3.1932419	
39.574562,3.1938975	
39.574562,3.1938975	
39.574562,3.1938975	
39.574562,3.1938975	
39.6042433,2.6758745	
39.5750294,3.1932419	
39.574562,3.1938975	
39.604323,2.6738372	
39.5750294,3.1932419	
39.6021535,2.6756053	
39.5728639,3.1990608	
39.6042433,2.6758745	
39.6000638,2.6753362	
39.5750294,3.1932419	
39.6042433,2.6758745	
39.604323,2.6738372	
39.6042832,2.6748559	
39.6042832,2.6748559	
39.604323,2.6738372	
39.604323,2.6738372	
39.574562,3.1938975	
39.5750294,3.1932419	
39.604323,2.6738372	
39.6042832,2.6748559	
39.6000638,2.6753362	
39.5717811,3.2019703	
39.604323,2.6738372	
39.6000638,2.6753362	
39.604323,2.6738372	
39.6042832,2.6748559	
39.6042433,2.6758745	
39.6042433,2.6758745	
39.604323,2.6738372	
39.6042832,2.6748559	
39.6000638,2.6753362	
39.6042433,2.6758745	
39.604323,2.6738372	
39.6034407,2.6728926	
39.5708542,3.2046612	
39.5750294,3.1932419	
39.604323,2.6738372	
39.604323,2.6738372	
39.604323,2.6738372	
39.6042433,2.6758745	
39.604323,2.6738372	
39.604323,2.6738372	
39.6042832,2.6748559	
39.6042433,2.6758745	
39.604323,2.6738372	
39.6042832,2.6748559	
39.6042433,2.6758745	
39.5750294,3.1932419	
39.6042433,2.6758745	
39.6042433,2.6758745	
39.604323,2.6738372	
39.5747956,3.1935697	
39.6042832,2.6748559	
39.6042433,2.6758745	
39.6042433,2.6758745	
39.6116352,-0.5727638	
39.611723,-0.5727079	
39.6118231,-0.5726245	
39.4383177,-0.7662306	
39.6118043,-0.5726311	
39.6117401,-0.5726461	
39.6117379,-0.5727225	
39.6054362,-0.5859698	
39.6117483,-0.572721	
39.6115253,-0.5724403	
39.6117756,-0.5726864	
39.6118101,-0.5725848	
39.6118578,-0.5726149	
39.6054362,-0.5859698	
39.6054362,-0.5859698	
39.6115254,-0.5724395	
39.6120015,-0.5725202	
39.6115253,-0.5724399	
39.6115253,-0.5724399	
39.6115253,-0.5724403	
39.6117005,-0.5727316	
39.6118645,-0.5726206	
39.6115411,-0.5727755	
39.6114654,-0.572779	
39.6120009,-0.5725203	
39.5144973,-0.4560306	
39.5145,-0.4560332	
39.6118148,-0.5726422	
39.5145137,-0.4559817	
39.6117134,-0.5726687	
39.611525,-0.5724396	
39.4383177,-0.7662306	
39.6054362,-0.5859698	
39.6117592,-0.5726029	
39.6117736,-0.5726775	
39.5145187,-0.4560468	
39.6116982,-0.5726689	
39.6117276,-0.572733	
39.6115253,-0.5724399	
39.5145114,-0.4560486	
39.6054362,-0.5859698	
39.5144999,-0.4560166	
39.6117882,-0.5726671	
39.6115253,-0.5724403	
39.6115243,-0.5724398	
39.6118322,-0.5726108	
39.6118497,-0.572627	
39.6118165,-0.5726311	
39.6117799,-0.5726854	
39.6117971,-0.5727168	
39.6117437,-0.5727397	
39.6115256,-0.5724381	
39.611525,-0.5724394	
39.6118539,-0.5726299	
39.6054362,-0.5859698	
39.6120012,-0.5725205	
39.6054362,-0.5859698	
39.6115676,-0.5724793	
39.6115627,-0.5724769	
39.6116888,-0.5727435	
39.6115256,-0.5724377	
39.6115067,-0.5732251	
39.6115665,-0.5724793	
39.6116369,-0.5726859	
39.6114247,-0.5732882	
39.6115555,-0.5724787	
39.6115448,-0.5724791	
39.6115983,-0.5725452	
39.6115448,-0.5724791	
39.6115986,-0.5725069	
39.6115505,-0.5724787	
39.6115254,-0.5724391	
39.611798,-0.5726359	
39.6118345,-0.5726091	
39.6117843,-0.5726408	
39.6117601,-0.5726678	
39.6116891,-0.572694	
39.6116849,-0.5728413	
39.6118357,-0.5726794	
39.6117873,-0.5726552	
41.749780545981366,1.8629211466776791	
35.8902997,-5.3051883	
35.8901575,-5.3051882	
35.89037780720585,-5.3051549814481485	
35.8903856,-5.3052773	
35.8903255,-5.3051862	
35.8901915,-5.3052643	
35.8903077,-5.3053033	
35.8903193,-5.3052049	
35.89037780720585,-5.3051549814481485	
35.89031016063099,-5.3049495750729765	
35.89022765950517,-5.305182133901276	
35.890532110556215,-5.305032804336852	
39.7129614,2.9087034	
39.7129613,2.9087032	
39.7129857,2.9084699	
39.7661357,3.0297267	
39.7129617,2.9087036	
39.7129614,2.9087035	
39.7118807,2.9138028	
39.7129626,2.908703	
39.7129626,2.908703	
39.7129617,2.9087034	
39.7129614,2.9087034	
39.7129614,2.9087035	
39.7125815,2.9079651	
39.7129617,2.9087034	
39.7129626,2.908703	
39.7148308,2.906249	
39.7661373,3.0297334	
39.7129626,2.908703	
39.8561148,3.121825	
39.7129836,2.9087084	
39.7129619,2.9087052	
39.712961,2.9087036	
39.7129614,2.9087035	
39.7129859,2.908608	
39.7129619,2.9087073	
39.7129619,2.9087052	
39.7129617,2.9087032	
39.7148308,2.906249	
39.7120571,2.9140541	
39.7129617,2.9087034	
39.574562,3.1938975	
38.9212829322935,1.4256918833365393	
38.923528377033385,1.282824517098644	
38.92128104884106,1.4255124574922948	
38.92097855455231,1.4260703593435669	
38.921164579567204,1.4256541932560207	
38.9209763086051,1.4260677370726393	
38.921342456630335,1.4256038948529282	
38.921116498659956,1.4258958950269822	
38.92097714106492,1.4260661118923426	
38.9213105210855,1.4256877087416044	
38.92126326393189,1.4254473354838246	
38.92363181126714,1.2828935347954553	
38.92139316220089,1.411434922614777	
38.92132656258073,1.425560488384239	
38.92116063064878,1.4258055442164368	
38.92122245997783,1.425477077570056	
38.921292537173144,1.4255199752638332	
38.92132987744721,1.4257882423235928	
38.92129763253271,1.4253642786768954	
38.92134480233113,1.4256440549522174	
37.38773828143693,-5.956706664155971	
37.27944095762215,-5.923817935349246	
37.38763249099113,-5.956784161187685	
37.37216607790308,-6.071870894203445	
37.36911861565566,-6.038305953927329	
37.372166109089875,-6.07186118627263	
37.39298140515756,-5.97075493346527	
37.279386624186074,-5.923763573477601	
37.36844432387346,-6.039799136762928	
37.36922581931508,-6.0389659712750605	
37.36821253569602,-6.039910865379109	
37.36815630768398,-6.040106618364128	
37.368862921835465,-6.039116373270181	
37.38730886563358,-5.956205910843488	
37.369138080801235,-6.038866784427913	
37.3685202904746,-6.039118366376697	
37.36812644074549,-6.040057750925487	
37.27938837517773,-5.92382885888115	
37.37216567397438,-6.0718716108056	
37.38744204400028,-5.956126261162602	
37.36904195188538,-6.038769739715122	
37.38726405175222,-5.956485144138788	
37.27938838832168,-5.923826339473221	
37.36809163589966,-6.039966773503035	
37.38746188072911,-5.956118251010859	
37.38755839314049,-5.956454059587898	
37.38801615811731,-5.956999589080311	
37.34704995189058,-5.830227776844444	
37.39289467765209,-5.970762642681313	
37.36947395426472,-6.0387547481703985	
37.36926145847162,-6.0389748629312185	
37.38762247585505,-5.9566300395184575	
37.36822615720155,-6.040056938701395	
37.36839932628856,-6.0399738125917315	
37.36855360932697,-6.039841414352475	
37.36817858445839,-6.040018615294743	
37.36913788440949,-6.0388686203110735	
37.36913701096463,-6.038865752769865	
37.36913851937109,-6.0388672748055265	
37.368446224854864,-6.040162773800985	
37.36904207914397,-6.038771477235572	
37.36913861106658,-6.038865940827067	
37.36855195725297,-6.039748325365508	
37.36913287900299,-6.03840898938177	
37.3692373697935,-6.03828327277035	
37.38733142451374,-5.95608373897531	
37.279385679994895,-5.923791787321125	
37.36904207914397,-6.038771477235572	
37.36928434218428,-6.039125297593223	
37.369176176593925,-6.038603914489024	
37.36874668635582,-6.039259140348424	
37.39325823944143,-5.970993007065075	
37.36854401749055,-6.0398828344742705	
37.36815282411708,-6.039982980039248	
37.36961409475101,-6.038664015162934	
37.36904195188538,-6.038769739715122	
37.39277864379453,-5.9708985112557205	
37.36904176402978,-6.0387785006197525	
37.39299605977713,-5.9709288368610665	
37.368186639476114,-6.040015894914291	
37.368457231175384,-6.039889427805172	
37.36821713536431,-6.039826353870579	
37.36824234638196,-6.03983313774612	
37.38750968549789,-5.956374423541925	
37.39305037108344,-5.970768882651876	
37.27933394282384,-5.9237036509080605	
37.36913763526589,-6.038868189732155	
37.392674137621235,-5.9709953863783305	
37.36825548777699,-6.040039004025201	
37.34688155973419,-5.830209006669738	
37.27938336765371,-5.9237030268789095	
37.370022942951124,-6.038578295195951	
37.372165842225435,-6.07193199906444	
37.37025412641938,-6.038667752020631	
37.36922644061856,-6.0389736097582025	
37.39292912841967,-5.970769077824346	
37.392989639183845,-5.970810961402829	
37.36959788322957,-6.038270648829097	
37.387364648545855,-5.956194618010894	
37.372166389209845,-6.071859337578385	
37.39290318498361,-5.970801388362824	
37.392974018320174,-5.970673683315603	
37.38746717587,-5.956251518151844	
37.3684413796049,-6.039504265787373	
37.37025412641938,-6.038667752020631	
37.369422146397184,-6.0379979047933015	
37.392970988366045,-5.970675307870995	
37.36914084977835,-6.038866786356179	
37.36904922267567,-6.038571519489797	
37.36904616481687,-6.038774746403128	
37.36913626151383,-6.0388650490818945	
37.36904467005551,-6.038746977182603	
37.36874709547709,-6.039259697773008	
37.36819853038205,-6.040093798928057	
37.367853928170554,-6.040021200716893	
37.36956384392401,-6.038780217589379	
37.36926877302862,-6.038153440490526	
37.369142082254676,-6.038839379741752	
37.36828997465486,-6.0397466365354004	
37.3695601871695,-6.039282732236297	
37.36911161535003,-6.03935704521537	
37.38744153379706,-5.956235960006961	
37.27933394282384,-5.9237036509080605	
37.38752861984566,-5.956244054377715	
37.38744153379706,-5.956235960006961	
37.38789196041734,-5.95682115694231	
37.37216644819756,-6.0718617048165395	
37.388217996786786,-5.95681102132983	
37.38748258952358,-5.956273580461359	
37.38804547275491,-5.956716333835381	
37.369175848987524,-6.038534919173445	
37.368650702973895,-6.039102832885632	
37.38775205063737,-5.956404233967944	
37.279155186026294,-5.924111825413827	
37.34687475678056,-5.830207999009863	
37.387345294552674,-5.956445466693931	
37.36848032324872,-6.039380897700205	
37.36913798953126,-6.038874103735116	
37.38738907501181,-5.956306503114842	
37.387448020160946,-5.9563743978017625	
37.369142082254676,-6.038839379741752	
37.34674526968337,-5.830324344137685	
37.279155186026294,-5.924111825413827	
37.38748270653546,-5.956275609229296	
37.38784398461977,-5.956973643561903	
37.387554544292385,-5.956088048870304	
37.36891255037443,-6.039157989913179	
37.3874120418501,-5.956099340731051	
37.3874120418501,-5.956099340731051	
37.38727712195475,-5.956134077702254	
37.36959788322957,-6.038270648829097	
37.388217996786786,-5.95681102132983	
37.36889047287556,-6.038533182816365	
37.387554544292385,-5.956088048870304	
37.38756979985041,-5.956589744744802	
37.38738201277964,-5.9565903570442815	
37.38757184409994,-5.956587546966132	
37.37216644819756,-6.0718617048165395	
37.27938595788928,-5.923780318477242	
37.36962015777075,-6.038662210201968	
37.38726405175222,-5.956485144138788	
37.369479146170185,-6.038753764208642	
37.347051731184486,-5.830227951014567	
37.27938826035712,-5.923821534183789	
37.38733142451374,-5.95608373897531	
37.368168623203914,-6.039964716393973	
37.36853511427328,-6.039519884811934	
37.38720550913641,-5.955566416387908	
37.36806407406717,-6.040061762180476	
38.8410453,0.1105199	
38.8408695,0.1104959	
38.8409333,0.1104563	
38.8408879,0.110508	
38.840933,0.1104562	
38.7042937,-0.4783166	
38.8409333,0.1104563	
38.8408642,0.1105014	
38.8408695,0.1104959	
38.8398214,0.1066627	
38.8409323,0.1104572	
38.839894,0.1068711	
38.8398932,0.1068678	
38.8398001,0.1066371	
38.8396909,0.106411	
38.8409323,0.1104572	
38.839765,0.1065159	
38.8397691,0.1065766	
38.8409551,0.1105221	
38.8409348,0.1104585	
38.7042937,-0.4783166	
38.8397723,0.1065383	
38.8397478,0.1065477	
38.8397738,0.1065813	
38.8397027,0.1063996	
38.8408659,0.1105048	
38.8396904,0.1064119	
38.8396909,0.106411	
38.8398196,0.1066104	
38.8397455,0.1065127	
38.8408607,0.1105027	
38.8398001,0.1066371	
38.8398206,0.1066068	
38.8409551,0.1105221	
38.8397861,0.1065949	
38.8373008,0.0887243	
38.8373008,0.0887243	
38.837234,0.0887966	
38.8397866,0.1066039	
38.837234,0.0887966	
38.8371717,0.0888628	
38.8372378,0.0887945	
38.8371713,0.0888627	
38.8399234,0.1067981	
38.8372378,0.0887945	
38.8372378,0.0887945	
38.8372378,0.0887945	
40.0037713,3.8404346	
40.0019829,3.840893	
40.0037713,3.8404346	
40.0055597,3.8399762	
39.8953079,4.229412	
39.8968692,4.2257646	
39.8955808,4.2286778	
39.8968692,4.2257646	
39.8953079,4.229412	
39.8953079,4.229412	
39.8955808,4.2286778	
39.8968692,4.2257646	
39.8968692,4.2257646	
39.14763140495787,-0.4315641615543808	
39.1477300599582,-0.43159659951965473	
39.14763785902331,-0.4315650835637297	
39.14768835998992,-0.4316675942395177	
39.147687521799604,-0.43168997392098573	
39.147541928141514,-0.4318664129827468	
39.485042,-1.0812626	
39.4382056,-0.4540744	
39.4521617,-0.4672186	
39.4381967,-0.4540129	
39.4382021,-0.4540848	
39.5598263,-1.1932693	
39.4382041,-0.4540587	
39.438198,-0.4540526	
39.4850415,-1.0812628	
39.4261351,-0.7879792	
39.4382074,-0.4541133	
39.4261345,-0.7879855	
39.4261332,-0.7879941	
39.4382052,-0.4540635	
39.4850415,-1.0812628	
39.4304684,-0.4055147	
39.4382022,-0.4540637	
39.4382105,-0.4540996	
39.4382035,-0.4540864	
39.4304695,-0.4055596	
39.4382058,-0.4541054	
39.4382027,-0.454072	
39.4382013,-0.454038	
39.4850433,-1.0812605	
39.4382023,-0.4540797	
39.4382007,-0.4540526	
39.4382116,-0.4540996	
39.4382105,-0.4541095	
39.4382025,-0.4540574	
39.4382011,-0.4540674	
39.4382057,-0.4540824	
39.4382065,-0.4540807	
38.97579614542329,-0.18298499286191816	
41.8995876782628,2.246004601106539	
41.89817523883031,2.246030133286421	
41.89821572657571,2.2459838514239916	
41.89805891889864,2.246185148811249	
41.89805891889864,2.246185148811249	
41.91347540103937,2.2513970601836744	
41.8981984903554,2.2459938126431687	
41.89769411453603,2.2454908053446387	
41.91559987905789,2.250984645132839	
41.89813692102198,2.245061592868686	
41.8985699811601,2.2456689563693533	
41.898212655086866,2.2459954108139786	
41.89782137689754,2.2455548961718015	
41.898102299177445,2.245837508119165	
41.898052314791414,2.245117459973695	
41.898052314791414,2.245117459973695	
41.89824414266828,2.2457976518187874	
41.89821123631794,2.245875373825706	
41.89809199386011,2.2450271694807196	
41.89827488097463,2.24577834265194	
41.8995876782628,2.246004601106539	
41.89795732412782,2.2450583481925808	
41.89809199386011,2.2450271694807196	
41.89795988421639,2.2452225990460715	
41.89821798768505,2.2456243030777068	
41.89803754838452,2.2458358099450093	
41.898189013129006,2.2460161319559893	
41.89821932887955,2.2457399784383507	
41.897972527451714,2.24582885343629	
41.898176242880034,2.2460307701594395	
41.898123954895745,2.2454228600493624	
41.89824916676042,2.2454898643494694	
41.897972527451714,2.24582885343629	
41.898182730309266,2.2460125097952064	
41.89818606232831,2.246036120214156	
41.8981709831316,2.246031610447439	
41.8981861012871,2.2460361529546247	
40.635932780492595,-4.01598529639998	
40.63596738681579,-4.015912187844898	
40.63590029145829,-4.016010117099646	
40.635941486208324,-4.016024180749026	
40.636211136524274,-4.016058371601951	
40.635941486208324,-4.016024180749026	
40.635938352759126,-4.016041696735053	
40.635938352759126,-4.016041696735053	
40.63595246584791,-4.01605577542644	
40.635941486208324,-4.016024180749026	
40.63610572549951,-4.016051361193145	
40.636413380487326,-4.016005929673871	
40.63594041222789,-4.016003265826294	
40.635897474054595,-4.016023333039909	
40.635897474054595,-4.016023333039909	
40.63610572549951,-4.016051361193145	
40.636098006963316,-4.016047739277578	
40.635815567140206,-4.0160038880508315	
40.63594041222789,-4.016003265826294	
40.63595246584791,-4.01605577542644	
40.63594041222789,-4.016003265826294	
40.63605351683132,-4.016030785183987	
40.63666599793399,-4.016082648361271	
40.635938352759126,-4.016041696735053	
40.63590029145829,-4.016010117099646	
40.635938352759126,-4.016041696735053	
40.63589472772192,-4.01591657801688	
40.63695567717039,-4.015948297419325	
40.63611897334383,-4.015942555854699	
40.63610644639058,-4.016041368688596	
40.63611897334383,-4.015942555854699	
40.636313297840836,-4.016078382198866	
40.636099307774096,-4.016046512223286	
40.63608268092271,-4.01605169436371	
40.63586765841249,-4.015193081318639	
40.63611897334383,-4.015942555854699	
41.51435493029795,2.1294828504343792	
41.510988590346194,2.1300787199308444	
41.51438883509628,2.1294853650053307	
41.514327940569736,2.129459967838721	
41.5142831812068,2.129450244831042	
41.511799812316894,2.130009651184082	
41.736457762347285,1.8466932792233736	
41.736535881684844,1.8466879986243756	
41.7406,1.84721	
41.73649740874929,1.8468974623846326	
41.73610844653261,1.846414832400015	
41.73613317314697,1.8463725037889986	
41.56967213846889,2.0240868721176164	
41.56963416844752,2.0248929597456237	
41.56958777461347,2.02389014885018	
41.56932164918777,2.024409826846816	
41.56955655202415,2.024517115207412	
41.56954502690729,2.0245075598377964	
39.14758559785704,-0.43180061504285016	
38.679001,-9.1569	
41.1721931,-8.6515244	
41.1706156,-8.6492417	
41.1721931,-8.6515244	
41.1706156,-8.6492417	
41.1721931,-8.6515244	
41.1721931,-8.6515244	
41.1721931,-8.6515244	
41.1721931,-8.6515244	
41.1721931,-8.6515244	
41.1721931,-8.6515244	
42.1134401,2.7657757	
42.1145234,3.1285269	
41.9076443,3.1530636	
41.9076443,3.1530636	
41.5274600982666,2.4253149032592773	
41.5274600982666,2.4253149032592773	
41.52534725148373,2.426548143851037	
41.525505040810934,2.426296770574922	
41.52514780409776,2.4269788898550226	
41.52546250265234,2.4264025501929467	
41.5274600982666,2.4253149032592773	
38.8782583137506,-6.950191900701171	
38.8782583137506,-6.950191900701171	
38.8782583137506,-6.950191900701171	
38.8782583137506,-6.950191900701171	
38.8782583137506,-6.950191900701171	
38.8782583137506,-6.950191900701171	
38.8782583137506,-6.950191900701171	
38.8782583137506,-6.950191900701171	
38.8782583137506,-6.950191900701171	
38.8782583137506,-6.950191900701171	
38.8782583137506,-6.950191900701171	
38.8782583137506,-6.950191900701171	
38.8782583137506,-6.950191900701171	
38.8782583137506,-6.950191900701171	
38.8782583137506,-6.950191900701171	
38.8782583137506,-6.950191900701171	
38.8782583137506,-6.950191900701171	
38.8782583137506,-6.950191900701171	
38.8782583137506,-6.950191900701171	
38.8782583137506,-6.950191900701171	
38.8782583137506,-6.950191900701171	
38.8782583137506,-6.950191900701171	
38.8782583137506,-6.950191900701171	
38.8782583137506,-6.950191900701171	
38.8782583137506,-6.950191900701171	
38.8782583137506,-6.950191900701171	
38.8782583137506,-6.950191900701171	
38.8782583137506,-6.950191900701171	
38.8782583137506,-6.950191900701171	
38.8782583137506,-6.950191900701171	
38.8782583137506,-6.950191900701171	
38.55883917193654,-0.09954899403336437	
38.5596437,-0.0986861	
38.558810415811294,-0.09974600470603753	
38.5593038,-0.0992518	
38.5593451,-0.0992128	
38.5592774,-0.0992559	
38.5588426,-0.0994736	
38.5592572,-0.0992453	
38.5596925,-0.0985787	
38.5588755,-0.099611	
38.5588689,-0.0996326	
38.5596398,-0.0991191	
38.5588422,-0.099474	
38.559643,-0.0991426	
38.5596024,-0.0990926	
38.5588605,-0.0996647	
38.5596353,-0.0986289	
38.5588883,-0.0994611	
38.5591252,-0.0992328	
38.5596289,-0.0992699	
38.5589947,-0.0992293	
38.5588425,-0.0994748	
38.5595004,-0.0993967	
38.5596055,-0.0993764	
38.5588416,-0.0994741	
38.5594547,-0.0992486	
38.8782583137506,-6.950191900701171	
38.8782583137506,-6.950191900701171	
38.8782583137506,-6.950191900701171	
38.8782583137506,-6.950191900701171	
38.679001,-9.1569	
38.679001,-9.1569	
38.679001,-9.1569	
38.679001,-9.1569	
38.679001,-9.1569	
38.679001,-9.1569	
38.679001,-9.1569	
38.679001,-9.1569	
38.679001,-9.1569	
38.679001,-9.1569	
38.679001,-9.1569	
38.679001,-9.1569	
38.679001,-9.1569	
38.679001,-9.1569	
38.679001,-9.1569	
38.679001,-9.1569	
38.679001,-9.1569	
38.679001,-9.1569	
38.679001,-9.1569	
38.679001,-9.1569	
38.679001,-9.1569	
38.679001,-9.1569	
38.679001,-9.1569	
38.679001,-9.1569	
38.679001,-9.1569	
36.1556906,-5.4556778	
36.1834422,-5.3512742	
36.15577,-5.4554994	
36.1557065,-5.4559475	
36.155749,-5.4555791	
36.1557249,-5.4556153	
36.1557083,-5.4559453	
36.1557377,-5.4556524	
36.1557395,-5.4555714	
36.1834278,-5.3512179	
36.1833962,-5.3513231	
36.15573,-5.4555502	
36.1834134,-5.3513136	
36.1834277,-5.351318	
36.1557813,-5.4555284	
36.1557148,-5.4554944	
36.1557586,-5.4555829	
36.1557386,-5.4555438	
36.1557272,-5.4555504	
36.1290548,-5.4454856	
36.1834175,-5.3512777	
36.1557645,-5.4555294	
36.1557356,-5.455586	
36.1556965,-5.4556318	
36.155708,-5.4559454	
36.155759,-5.4554298	
36.1535828,-5.4576484	
36.155783,-5.4554842	
36.1557072,-5.4559473	
36.1557403,-5.4555836	
36.1557065,-5.4559477	
36.1557279,-5.4555483	
36.1535828,-5.4576484	
36.1557981,-5.455498	
36.1557377,-5.4555546	
36.1557326,-5.4555247	
36.155735,-5.4555535	
36.1557065,-5.4559475	
36.1557483,-5.4555704	
36.1557216,-5.4555566	
36.1557923,-5.4555154	
36.1558511,-5.4554686	
36.15574,-5.4557025	
36.1558302,-5.4554055	
36.1485124,-5.4556454	
36.1491045,-5.4548311	
36.1559087,-5.4553545	
36.1761258,-5.349342	
36.1493638,-5.4549231	
36.1487797,-5.4547473	
36.1491517,-5.4548509	
36.1487757,-5.4547518	
36.1556702,-5.4554911	
36.1761258,-5.349342	
36.148763,-5.4547448	
36.1487747,-5.4547458	
36.1487807,-5.4547495	
36.1490379,-5.4548197	
36.1548222,-5.4546598	
36.1544519,-5.4568793	
36.1487794,-5.4547527	
36.1544519,-5.4568793	
36.1544519,-5.4568793	
36.148779,-5.454748	
36.1821338,-5.3475678	
36.1487798,-5.454752	
36.1761258,-5.349342	
36.1487883,-5.4547518	
36.1487696,-5.4547413	
36.1492698,-5.4548808	
36.1488182,-5.4547513	
36.1487869,-5.4547488	
36.1761258,-5.349342	
36.1487924,-5.4547505	
36.1488133,-5.4547549	
36.1290598,-5.4454494	
36.1483805,-5.4556017	
36.1489307,-5.4547908	
36.1290498,-5.4453957	
36.1488053,-5.454755	
36.1487797,-5.4547473	
36.1544519,-5.4568793	
36.1761258,-5.349342	
36.1491051,-5.4549929	
36.1487794,-5.4547527	
36.1290615,-5.4454329	
36.1492466,-5.4548731	
36.1492563,-5.4548744	
41.44196408242766,2.1991740268437026	
41.44211495602663,2.2001148630109557	
41.44214996948518,2.2000123900839132	
41.442288866279576,2.1997979336256113	
41.44229174105448,2.1998856326756187	
41.4421146267394,2.1996125154160704	
41.44201833515934,2.199636336111837	
41.44209382350792,2.199746945845778	
41.44224523465151,2.1996471537020064	
41.44232469136294,2.199844709160912	
41.442197422428066,2.1991810421824236	
41.4419010125599,2.2000559681085963	
41.44220611541656,2.1992302500070458	
41.44204154922834,2.199503916228592	
41.4354425740775,2.1984125674565305	
41.44226820938327,2.199775707343253	
41.43570525401979,2.198192910489265	
41.44211495602663,2.2001148630109557	
41.442458017353744,2.1998973099018024	
41.435643549564375,2.197617858824924	
41.43583313835777,2.1981868804628117	
41.43563969737756,2.1975975069424716	
41.44229174105448,2.1998856326756187	
41.44207828297892,2.199733819428564	
41.44219300010824,2.1994814869090678	
41.43570525401979,2.198192910489265	
41.44197421432123,2.198533601878073	
41.4421925585159,2.1995248051384846	
41.44226334836791,2.1995928875432753	
41.44202104625226,2.199626570528768	
41.44224324434804,2.1996505783483915	
41.442401046596316,2.1997231213839035	
41.44214996948518,2.2000123900839132	
41.441936218557444,2.199370548817315	
41.44221806167898,2.1994684838784186	
41.44208577841522,2.1997920299298186	
41.44210183431599,2.1997502305514978	
41.44218839448701,2.1994665999153673	
41.44197421432123,2.198533601878073	
41.442222285844835,2.198515077367056	
41.4422095074407,2.1996524840940177	
41.442035270847065,2.199784862083574	
41.44203160991009,2.199747217601502	
41.44194822968655,2.199242138031913	
41.442401046596316,2.1997231213839035	
41.44223868310325,2.1996623071709407	
41.44227843146529,2.1996262206906274	
41.442458017353744,2.1998973099018024	
41.44227843146529,2.1996262206906274	
41.44227843146529,2.1996262206906274	
41.44208648574737,2.1994362447459146	
41.44204446554771,2.2000410279125475	
41.441843258731,2.1991173169374107	
41.44226318440543,2.199777789600009	
41.4422435329643,2.199653078346053	
41.44219451422474,2.1994269175360674	
41.4418136335961,2.199045476776773	
41.442023754002975,2.1991608562794966	
41.442023754002975,2.1991608562794966	
41.44202332597862,2.1992015655944757	
41.43619762658936,2.1983049725391477	
41.44216691723851,2.1992629926542637	
41.44216640382087,2.199671119293712	
